intrinsics:
  - -0.0075
  - 0.6
  - 600.0
  - 450.0
  - 630.0
  - 390.0
resolution:
  - 1280
  - 1280
